,Score,Comments,Sentiment,Sentiment_Polarity,AAPL_Mentions,TSLA_Mentions,GME_Mentions,AMC_Mentions,NVDA_Mentions,SPCE_Mentions,PLTR_Mentions,LCID_Mentions,SOFI_Mentions,AMD_Mentions,PTON_Mentions,TLRY_Mentions,IRNTQ_Mentions,Adj Close,Close,High,Low,Open,Volume
Score,1.0,0.5604399814474587,0.19549714327164153,0.19549714327164153,,,,,-0.033882334412460524,,,,,,,,,-0.014926321105594031,-0.014855034992831759,-0.013643377829949318,-0.015225619298617755,-0.014437018335872421,0.012555122307563634
Comments,0.5604399814474587,1.0,0.02641226390915044,0.02641226390915044,,,,,-0.0005383137249237515,,,,,,,,,0.008067503392929535,0.007995895749262379,0.009658977841753218,0.007591899197638527,0.009023391574208617,0.005830503451693633
Sentiment,0.19549714327164153,0.02641226390915044,1.0,1.0,,,,,0.009677109085194117,,,,,,,,,0.035910379653828844,0.03567260831579009,0.03440661237015788,0.03563078232860325,0.03488296860175749,0.012423600363491383
Sentiment_Polarity,0.19549714327164153,0.02641226390915044,1.0,1.0,,,,,0.009677109085194117,,,,,,,,,0.035910379653828844,0.03567260831579009,0.03440661237015788,0.03563078232860325,0.03488296860175749,0.012423600363491383
AAPL_Mentions,,,,,,,,,,,,,,,,,,,,,,,
TSLA_Mentions,,,,,,,,,,,,,,,,,,,,,,,
GME_Mentions,,,,,,,,,,,,,,,,,,,,,,,
AMC_Mentions,,,,,,,,,,,,,,,,,,,,,,,
NVDA_Mentions,-0.033882334412460524,-0.0005383137249237515,0.009677109085194117,0.009677109085194117,,,,,1.0,,,,,,,,,0.003797136269035141,0.003746717168775611,0.0033134793345223432,0.0042354840743550936,0.003511312925355536,0.008211467708202662
SPCE_Mentions,,,,,,,,,,,,,,,,,,,,,,,
PLTR_Mentions,,,,,,,,,,,,,,,,,,,,,,,
LCID_Mentions,,,,,,,,,,,,,,,,,,,,,,,
SOFI_Mentions,,,,,,,,,,,,,,,,,,,,,,,
AMD_Mentions,,,,,,,,,,,,,,,,,,,,,,,
PTON_Mentions,,,,,,,,,,,,,,,,,,,,,,,
TLRY_Mentions,,,,,,,,,,,,,,,,,,,,,,,
IRNTQ_Mentions,,,,,,,,,,,,,,,,,,,,,,,
Adj Close,-0.014926321105594031,0.008067503392929535,0.035910379653828844,0.035910379653828844,,,,,0.003797136269035141,,,,,,,,,1.0,0.9999896313944774,0.9997279627113463,0.999657269496271,0.9993622765168674,0.043203840112728605
Close,-0.014855034992831759,0.007995895749262379,0.03567260831579009,0.03567260831579009,,,,,0.003746717168775611,,,,,,,,,0.9999896313944774,1.0,0.9997078500923015,0.9996967156743248,0.9993661157970966,0.04274006682025546
High,-0.013643377829949318,0.009658977841753218,0.03440661237015788,0.03440661237015788,,,,,0.0033134793345223432,,,,,,,,,0.9997279627113463,0.9997078500923015,1.0,0.9995243780397994,0.999648631927125,0.04390076857867791
Low,-0.015225619298617755,0.007591899197638527,0.03563078232860325,0.03563078232860325,,,,,0.0042354840743550936,,,,,,,,,0.999657269496271,0.9996967156743248,0.9995243780397994,1.0,0.999709370780183,0.04024831057697531
Open,-0.014437018335872421,0.009023391574208617,0.03488296860175749,0.03488296860175749,,,,,0.003511312925355536,,,,,,,,,0.9993622765168674,0.9993661157970966,0.999648631927125,0.999709370780183,1.0,0.041464337038042524
Volume,0.012555122307563634,0.005830503451693633,0.012423600363491383,0.012423600363491383,,,,,0.008211467708202662,,,,,,,,,0.043203840112728605,0.04274006682025546,0.04390076857867791,0.04024831057697531,0.041464337038042524,1.0
